1.457252055406570435e-01 8.552953600883483887e-01
2.497403137385845184e-02 9.766646623611450195e-01
4.161737859249114990e-03 9.964947104454040527e-01
7.425885414704680443e-04 9.994408488273620605e-01
2.869063173420727253e-04 9.997972846031188965e-01
1.966752315638586879e-04 9.998641014099121094e-01
1.644312724238261580e-04 9.998874664306640625e-01
1.445672241970896721e-04 9.999015331268310547e-01
1.330260711256414652e-04 9.999097585678100586e-01
1.251570502063259482e-04 9.999152421951293945e-01
1.194815049530006945e-04 9.999192953109741211e-01
1.152164841187186539e-04 9.999223947525024414e-01
1.119554435717873275e-04 9.999246597290039062e-01
1.094257022486999631e-04 9.999264478683471680e-01
1.074339452316053212e-04 9.999278783798217773e-01
1.058589186868630350e-04 9.999289512634277344e-01
1.046065081027336419e-04 9.999299049377441406e-01
1.035973400576040149e-04 9.999306201934814453e-01
1.027863254421390593e-04 9.999312162399291992e-01
1.021309362840838730e-04 9.999316930770874023e-01
1.015987290884368122e-04 9.999320507049560547e-01
1.011662970995530486e-04 9.999322891235351562e-01
1.008108592941425741e-04 9.999325275421142578e-01
1.005229714792221785e-04 9.999327659606933594e-01
1.002898352453485131e-04 9.999328851699829102e-01
1.000983611447736621e-04 9.999331235885620117e-01
9.994003630708903074e-05 9.999332427978515625e-01
9.981374751077964902e-05 9.999332427978515625e-01
9.970777318812906742e-05 9.999333620071411133e-01
9.962110198102891445e-05 9.999333620071411133e-01
9.955120185622945428e-05 9.999334812164306641e-01
9.949455125024542212e-05 9.999334812164306641e-01
9.944541670847684145e-05 9.999334812164306641e-01
9.940539894159883261e-05 9.999336004257202148e-01
9.937545837601646781e-05 9.999336004257202148e-01
9.934617992257699370e-05 9.999336004257202148e-01
9.932438842952251434e-05 9.999336004257202148e-01
9.930327360052615404e-05 9.999336004257202148e-01
9.929011139320209622e-05 9.999336004257202148e-01
9.927893552230671048e-05 9.999336004257202148e-01
9.926918573910370469e-05 9.999337196350097656e-01
9.925801714416593313e-05 9.999337196350097656e-01
9.925177437253296375e-05 9.999337196350097656e-01
9.924553160089999437e-05 9.999337196350097656e-01
9.924363257596269250e-05 9.999337196350097656e-01
9.924060577759519219e-05 9.999337196350097656e-01
9.923690959112718701e-05 9.999337196350097656e-01
9.923511242959648371e-05 9.999337196350097656e-01
9.923796460498124361e-05 9.999337196350097656e-01
9.923559264279901981e-05 9.999337196350097656e-01
9.922801837092265487e-05 9.999337196350097656e-01
9.922660683514550328e-05 9.999337196350097656e-01
9.922783647198230028e-05 9.999337196350097656e-01
9.922697790898382664e-05 9.999337196350097656e-01
9.922433673636987805e-05 9.999337196350097656e-01
9.922470781020820141e-05 9.999337196350097656e-01
9.922424214892089367e-05 9.999337196350097656e-01
9.922678873408585787e-05 9.999337196350097656e-01
9.922404569806531072e-05 9.999337196350097656e-01
9.922726894728839397e-05 9.999337196350097656e-01
9.922603931045159698e-05 9.999337196350097656e-01
9.922518074745312333e-05 9.999337196350097656e-01
9.922385652316734195e-05 9.999337196350097656e-01
9.922243771143257618e-05 9.999337196350097656e-01
9.922451863531023264e-05 9.999337196350097656e-01
9.922205936163663864e-05 9.999337196350097656e-01
9.922262688633054495e-05 9.999337196350097656e-01
9.922347817337140441e-05 9.999337196350097656e-01
9.922717435983940959e-05 9.999337196350097656e-01
9.922783647198230028e-05 9.999337196350097656e-01
9.922660683514550328e-05 9.999337196350097656e-01
9.922670142259448767e-05 9.999337196350097656e-01
9.922641038428992033e-05 9.999337196350097656e-01
9.922527533490210772e-05 9.999337196350097656e-01
9.922310709953308105e-05 9.999337196350097656e-01
9.922234312398359179e-05 9.999337196350097656e-01
9.922045137500390410e-05 9.999337196350097656e-01
9.922177559928968549e-05 9.999337196350097656e-01
9.922149183694273233e-05 9.999337196350097656e-01
9.922357276082038879e-05 9.999337196350097656e-01
9.922234312398359179e-05 9.999337196350097656e-01
9.922574827214702964e-05 9.999337196350097656e-01
9.922631579684093595e-05 9.999337196350097656e-01
9.922461322275921702e-05 9.999337196350097656e-01
9.922584285959601402e-05 9.999337196350097656e-01
9.922574827214702964e-05 9.999337196350097656e-01
9.922490426106378436e-05 9.999337196350097656e-01
9.922442404786124825e-05 9.999337196350097656e-01
9.922367462422698736e-05 9.999337196350097656e-01
9.922424214892089367e-05 9.999337196350097656e-01
9.922111348714679480e-05 9.999337196350097656e-01
9.922347817337140441e-05 9.999337196350097656e-01
9.922547178575769067e-05 9.999337196350097656e-01
9.922707249643281102e-05 9.999337196350097656e-01
9.922262688633054495e-05 9.999337196350097656e-01
9.922281606122851372e-05 9.999337196350097656e-01
9.922367462422698736e-05 9.999337196350097656e-01
9.922385652316734195e-05 9.999337196350097656e-01
9.922613389790058136e-05 9.999337196350097656e-01
9.922897152137011290e-05 9.999337196350097656e-01
9.922518074745312333e-05 9.999337196350097656e-01
9.922310709953308105e-05 9.999337196350097656e-01
9.922404569806531072e-05 9.999337196350097656e-01
9.922328899847343564e-05 9.999337196350097656e-01
9.922584285959601402e-05 9.999337196350097656e-01
9.922574827214702964e-05 9.999337196350097656e-01
9.922338358592242002e-05 9.999337196350097656e-01
9.922168101184070110e-05 9.999337196350097656e-01
9.922547178575769067e-05 9.999337196350097656e-01
9.922234312398359179e-05 9.999337196350097656e-01
9.922385652316734195e-05 9.999337196350097656e-01
9.922357276082038879e-05 9.999337196350097656e-01
9.922442404786124825e-05 9.999337196350097656e-01
9.922726894728839397e-05 9.999337196350097656e-01
9.922424214892089367e-05 9.999337196350097656e-01
9.922338358592242002e-05 9.999337196350097656e-01
9.922234312398359179e-05 9.999337196350097656e-01
9.922536992235109210e-05 9.999337196350097656e-01
9.922461322275921702e-05 9.999337196350097656e-01
9.922536992235109210e-05 9.999337196350097656e-01
9.922726894728839397e-05 9.999337196350097656e-01
9.922215394908562303e-05 9.999337196350097656e-01
9.922584285959601402e-05 9.999337196350097656e-01
9.922811295837163925e-05 9.999337196350097656e-01
9.922670142259448767e-05 9.999337196350097656e-01
9.922328899847343564e-05 9.999337196350097656e-01
9.922490426106378436e-05 9.999337196350097656e-01
9.922395111061632633e-05 9.999337196350097656e-01
9.922508616000413895e-05 9.999337196350097656e-01
9.922490426106378436e-05 9.999337196350097656e-01
9.922518074745312333e-05 9.999337196350097656e-01
9.922385652316734195e-05 9.999337196350097656e-01
9.922281606122851372e-05 9.999337196350097656e-01
9.922385652316734195e-05 9.999337196350097656e-01
9.922385652316734195e-05 9.999337196350097656e-01
9.922205936163663864e-05 9.999337196350097656e-01
9.922187018673866987e-05 9.999337196350097656e-01
9.922197205014526844e-05 9.999337196350097656e-01
9.922442404786124825e-05 9.999337196350097656e-01
9.922367462422698736e-05 9.999337196350097656e-01
9.922480967361479998e-05 9.999337196350097656e-01
9.922490426106378436e-05 9.999337196350097656e-01
9.922593744704499841e-05 9.999337196350097656e-01
9.922461322275921702e-05 9.999337196350097656e-01
9.922385652316734195e-05 9.999337196350097656e-01
9.922736353473737836e-05 9.999337196350097656e-01
9.922906610881909728e-05 9.999337196350097656e-01
9.922547178575769067e-05 9.999337196350097656e-01
9.922385652316734195e-05 9.999337196350097656e-01
9.922310709953308105e-05 9.999337196350097656e-01
9.922187018673866987e-05 9.999337196350097656e-01
9.922187018673866987e-05 9.999337196350097656e-01
9.922518074745312333e-05 9.999337196350097656e-01
9.922158642439171672e-05 9.999337196350097656e-01
9.922064054990187287e-05 9.999337196350097656e-01
9.921865421347320080e-05 9.999337196350097656e-01
9.922272147377952933e-05 9.999337196350097656e-01
9.922291064867749810e-05 9.999337196350097656e-01
9.922253957483917475e-05 9.999337196350097656e-01
9.922300523612648249e-05 9.999337196350097656e-01
9.922451863531023264e-05 9.999337196350097656e-01
9.922547178575769067e-05 9.999337196350097656e-01
9.922793105943128467e-05 9.999337196350097656e-01
9.922205936163663864e-05 9.999337196350097656e-01
9.922603931045159698e-05 9.999337196350097656e-01
9.922593744704499841e-05 9.999337196350097656e-01
9.922424214892089367e-05 9.999337196350097656e-01
9.922253957483917475e-05 9.999337196350097656e-01
9.922461322275921702e-05 9.999337196350097656e-01
9.922688332153484225e-05 9.999337196350097656e-01
9.922631579684093595e-05 9.999337196350097656e-01
9.922253957483917475e-05 9.999337196350097656e-01
9.922187018673866987e-05 9.999337196350097656e-01
9.922603931045159698e-05 9.999337196350097656e-01
9.922404569806531072e-05 9.999337196350097656e-01
9.922338358592242002e-05 9.999337196350097656e-01
9.922367462422698736e-05 9.999337196350097656e-01
9.922120807459577918e-05 9.999337196350097656e-01
9.922678873408585787e-05 9.999337196350097656e-01
9.922717435983940959e-05 9.999337196350097656e-01
9.922300523612648249e-05 9.999337196350097656e-01
9.922518074745312333e-05 9.999337196350097656e-01
9.922187018673866987e-05 9.999337196350097656e-01
9.922168101184070110e-05 9.999337196350097656e-01
9.922347817337140441e-05 9.999337196350097656e-01
9.922177559928968549e-05 9.999337196350097656e-01
9.921969467541202903e-05 9.999337196350097656e-01
9.922745084622874856e-05 9.999337196350097656e-01
9.922404569806531072e-05 9.999337196350097656e-01
9.922310709953308105e-05 9.999337196350097656e-01
9.922187018673866987e-05 9.999337196350097656e-01
9.922017488861456513e-05 9.999337196350097656e-01
9.922376921167597175e-05 9.999337196350097656e-01
9.922622120939195156e-05 9.999337196350097656e-01
9.922811295837163925e-05 9.999337196350097656e-01
9.922253957483917475e-05 9.999337196350097656e-01
9.922092431224882603e-05 9.999337196350097656e-01
9.922442404786124825e-05 9.999337196350097656e-01
9.922347817337140441e-05 9.999337196350097656e-01
9.922480967361479998e-05 9.999337196350097656e-01
9.922650497173890471e-05 9.999337196350097656e-01
9.922205936163663864e-05 9.999337196350097656e-01
9.922404569806531072e-05 9.999337196350097656e-01
9.922641038428992033e-05 9.999337196350097656e-01
9.922877507051452994e-05 9.999337196350097656e-01
9.922622120939195156e-05 9.999337196350097656e-01
9.922527533490210772e-05 9.999337196350097656e-01
9.922197205014526844e-05 9.999337196350097656e-01
9.922140452545136213e-05 9.999337196350097656e-01
9.922480967361479998e-05 9.999337196350097656e-01
9.922726894728839397e-05 9.999337196350097656e-01
9.922149183694273233e-05 9.999337196350097656e-01
9.922395111061632633e-05 9.999337196350097656e-01
9.922414028551429510e-05 9.999337196350097656e-01
9.922433673636987805e-05 9.999337196350097656e-01
9.922291064867749810e-05 9.999337196350097656e-01
9.922300523612648249e-05 9.999337196350097656e-01
9.922470781020820141e-05 9.999337196350097656e-01
9.922688332153484225e-05 9.999337196350097656e-01
9.922470781020820141e-05 9.999337196350097656e-01
9.922243771143257618e-05 9.999337196350097656e-01
9.922197205014526844e-05 9.999337196350097656e-01
9.922357276082038879e-05 9.999337196350097656e-01
9.922291064867749810e-05 9.999337196350097656e-01
9.922518074745312333e-05 9.999337196350097656e-01
