1.390928328037261963e-01 8.650252819061279297e-01
3.013220429420471191e-02 9.723056554794311523e-01
2.704838849604129791e-02 9.761280417442321777e-01
1.186417322605848312e-02 9.897187948226928711e-01
6.993290502578020096e-03 9.941044449806213379e-01
5.270580295473337173e-03 9.951955676078796387e-01
5.775324068963527679e-03 9.948831796646118164e-01
4.845699295401573181e-03 9.954982995986938477e-01
5.408518481999635696e-03 9.951800107955932617e-01
5.121751222759485245e-03 9.954659938812255859e-01
3.374233376234769821e-03 9.970020651817321777e-01
3.318649949505925179e-03 9.971395730972290039e-01
3.200482344254851341e-03 9.973250627517700195e-01
2.900493796914815903e-03 9.975959658622741699e-01
2.685777377337217331e-03 9.977693557739257812e-01
2.315095392987132072e-03 9.979988932609558105e-01
2.381904050707817078e-03 9.979270696640014648e-01
2.422381192445755005e-03 9.978889822959899902e-01
2.592747099697589874e-03 9.977827668190002441e-01
2.330348594114184380e-03 9.979548454284667969e-01
3.148125950247049332e-03 9.972521662712097168e-01
3.610924584791064262e-03 9.968391656875610352e-01
3.699711756780743599e-03 9.967511892318725586e-01
4.026503302156925201e-03 9.964613318443298340e-01
4.330124240368604660e-03 9.961887001991271973e-01
4.534856881946325302e-03 9.960011839866638184e-01
4.696483723819255829e-03 9.959050416946411133e-01
4.796282388269901276e-03 9.958666563034057617e-01
4.385718610137701035e-03 9.961254000663757324e-01
4.850618075579404831e-03 9.958266615867614746e-01
4.867632407695055008e-03 9.958309531211853027e-01
4.929969552904367447e-03 9.957712292671203613e-01
4.959220532327890396e-03 9.956958293914794922e-01
4.783126059919595718e-03 9.957978725433349609e-01
5.230287555605173111e-03 9.955185651779174805e-01
4.811512771993875504e-03 9.958005547523498535e-01
4.918068181723356247e-03 9.956420660018920898e-01
5.165192298591136932e-03 9.955192804336547852e-01
5.328014027327299118e-03 9.954468607902526855e-01
5.214349366724491119e-03 9.955150485038757324e-01
5.434139166027307510e-03 9.953486323356628418e-01
5.503972992300987244e-03 9.952828288078308105e-01
5.554690025746822357e-03 9.952280521392822266e-01
5.633469671010971069e-03 9.951592087745666504e-01
5.676091648638248444e-03 9.951187372207641602e-01
5.238242913037538528e-03 9.954031705856323242e-01
5.036106333136558533e-03 9.955379962921142578e-01
4.973125178366899490e-03 9.956097006797790527e-01
4.818975459784269333e-03 9.957513809204101562e-01
4.699456039816141129e-03 9.958618879318237305e-01
4.601687192916870117e-03 9.959522485733032227e-01
4.519871901720762253e-03 9.960268735885620117e-01
4.454406443983316422e-03 9.960868358612060547e-01
4.408277571201324463e-03 9.961320161819458008e-01
4.622376058250665665e-03 9.960213303565979004e-01
4.857931751757860184e-03 9.958776235580444336e-01
4.501577466726303101e-03 9.960110187530517578e-01
4.951870534569025040e-03 9.956293106079101562e-01
5.086939316242933273e-03 9.955967068672180176e-01
4.930865485221147537e-03 9.957258701324462891e-01
5.317857023328542709e-03 9.954735636711120605e-01
5.082840565592050552e-03 9.955769777297973633e-01
5.140522960573434830e-03 9.954591989517211914e-01
5.268783308565616608e-03 9.953254461288452148e-01
5.353554617613554001e-03 9.952520132064819336e-01
5.380432121455669403e-03 9.952275753021240234e-01
5.398214329034090042e-03 9.952107071876525879e-01
5.415194202214479446e-03 9.951953291893005371e-01
6.085935980081558228e-03 9.948339462280273438e-01
4.795367363840341568e-03 9.957402944564819336e-01
5.160656291991472244e-03 9.954373240470886230e-01
5.197037011384963989e-03 9.953976273536682129e-01
5.259964149445295334e-03 9.953399896621704102e-01
5.341441370546817780e-03 9.952800273895263672e-01
5.792162381112575531e-03 9.950423240661621094e-01
5.419209599494934082e-03 9.953965544700622559e-01
5.140518303960561752e-03 9.956474900245666504e-01
4.671812057495117188e-03 9.959744811058044434e-01
5.024102516472339630e-03 9.957556724548339844e-01
5.108511541038751602e-03 9.957700371742248535e-01
4.827982280403375626e-03 9.960134029388427734e-01
4.689325578510761261e-03 9.961373209953308105e-01
4.586101043969392776e-03 9.962279796600341797e-01
4.189471248537302017e-03 9.964823722839355469e-01
4.062205087393522263e-03 9.965309500694274902e-01
4.830196034163236618e-03 9.960311055183410645e-01
4.517285153269767761e-03 9.962813258171081543e-01
2.908797701820731163e-03 9.976047277450561523e-01
2.743873279541730881e-03 9.977559447288513184e-01
2.629643538966774940e-03 9.978564381599426270e-01
2.566569950431585312e-03 9.979133009910583496e-01
2.523185452446341515e-03 9.979523420333862305e-01
2.493498614057898521e-03 9.979792237281799316e-01
2.472524298354983330e-03 9.979980587959289551e-01
2.457491587847471237e-03 9.980117082595825195e-01
2.446547849103808403e-03 9.980216026306152344e-01
2.438504481688141823e-03 9.980288147926330566e-01
2.432510256767272949e-03 9.980342984199523926e-01
3.291669767349958420e-03 9.973280429840087891e-01
3.028605133295059204e-03 9.973248243331909180e-01
2.831833437085151672e-03 9.973638653755187988e-01
1.413780148141086102e-03 9.986985921859741211e-01
2.182745229220017791e-04 9.998204112052917480e-01
7.805459608789533377e-05 9.999430179595947266e-01
5.861864701728336513e-05 9.999592304229736328e-01
5.506295929080806673e-05 9.999622106552124023e-01
5.503776264959014952e-05 9.999622106552124023e-01
5.601099837804213166e-05 9.999614953994750977e-01
5.751518983743153512e-05 9.999605417251586914e-01
5.925220102653838694e-05 9.999592304229736328e-01
6.000076973577961326e-05 9.999586343765258789e-01
6.211840081959962845e-05 9.999572038650512695e-01
6.731384928571060300e-05 9.999538660049438477e-01
7.090159488143399358e-05 9.999514818191528320e-01
8.057681407080963254e-05 9.999456405639648438e-01
7.865908264648169279e-05 9.999468326568603516e-01
7.838532474124804139e-05 9.999470710754394531e-01
7.803918560966849327e-05 9.999474287033081055e-01
7.785321940900757909e-05 9.999475479125976562e-01
7.773526158416643739e-05 9.999476671218872070e-01
7.772488606860861182e-05 9.999476671218872070e-01
7.807349902577698231e-05 9.999475479125976562e-01
8.042812260100618005e-05 9.999459981918334961e-01
1.198868922074325383e-04 9.999232292175292969e-01
4.885500529780983925e-04 9.996641874313354492e-01
2.632531337440013885e-03 9.979529380798339844e-01
3.193923505023121834e-03 9.974465370178222656e-01
3.479878650978207588e-03 9.972268939018249512e-01
3.487019566819071770e-03 9.972214698791503906e-01
3.564054612070322037e-03 9.971536397933959961e-01
3.692579222843050957e-03 9.970353841781616211e-01
3.823513397946953773e-03 9.969121217727661133e-01
3.601620905101299286e-03 9.970073103904724121e-01
3.772167023271322250e-03 9.968497157096862793e-01
4.182720556855201721e-03 9.965701103210449219e-01
4.155695438385009766e-03 9.965952038764953613e-01
4.173180088400840759e-03 9.965816140174865723e-01
4.186966922134160995e-03 9.965701103210449219e-01
4.189160652458667755e-03 9.965659976005554199e-01
4.207475110888481140e-03 9.965516328811645508e-01
4.220793489366769791e-03 9.965416789054870605e-01
4.227829631417989731e-03 9.965362548828125000e-01
4.232202190905809402e-03 9.965325593948364258e-01
4.234340973198413849e-03 9.965302348136901855e-01
4.236553329974412918e-03 9.965277314186096191e-01
4.237736109644174576e-03 9.965260624885559082e-01
3.492609830573201180e-03 9.969778060913085938e-01
3.799520665779709816e-03 9.966952800750732422e-01
4.104105755686759949e-03 9.964474439620971680e-01
4.103560000658035278e-03 9.964088797569274902e-01
4.314901307225227356e-03 9.962145686149597168e-01
4.676749929785728455e-03 9.959474205970764160e-01
5.068051163107156754e-03 9.957243204116821289e-01
4.966996144503355026e-03 9.958599209785461426e-01
4.809944424778223038e-03 9.960137605667114258e-01
4.690583329647779465e-03 9.961274266242980957e-01
4.591293632984161377e-03 9.962175488471984863e-01
4.521116148680448532e-03 9.962813258171081543e-01
4.464417230337858200e-03 9.963316321372985840e-01
4.422615282237529755e-03 9.963688850402832031e-01
4.387755412608385086e-03 9.963989257812500000e-01
4.360857885330915451e-03 9.964219331741333008e-01
4.341099876910448074e-03 9.964391589164733887e-01
4.324140027165412903e-03 9.964538812637329102e-01
4.309799056500196457e-03 9.964656829833984375e-01
4.298210609704256058e-03 9.964750409126281738e-01
4.287047777324914932e-03 9.964834451675415039e-01
4.280284978449344635e-03 9.964888095855712891e-01
4.270859528332948685e-03 9.964954257011413574e-01
4.282104317098855972e-03 9.964901804924011230e-01
4.271123092621564865e-03 9.965003728866577148e-01
4.268542397767305374e-03 9.965045452117919922e-01
4.261313006281852722e-03 9.965111613273620605e-01
4.260641522705554962e-03 9.965131878852844238e-01
4.254229366779327393e-03 9.965183734893798828e-01
4.268929362297058105e-03 9.965119957923889160e-01
2.736332826316356659e-03 9.977523684501647949e-01
2.665477339178323746e-03 9.978250265121459961e-01
2.576576080173254013e-03 9.979028701782226562e-01
2.531732665374875069e-03 9.979439377784729004e-01
2.499030204489827156e-03 9.979736208915710449e-01
2.476423745974898338e-03 9.979941844940185547e-01
2.460188698023557663e-03 9.980090260505676270e-01
2.448426792398095131e-03 9.980196952819824219e-01
2.440532902255654335e-03 9.980269074440002441e-01
3.287118859589099884e-03 9.973207116127014160e-01
3.372545586898922920e-03 9.971897006034851074e-01
3.077178727835416794e-03 9.974374771118164062e-01
3.217577701434493065e-03 9.972832202911376953e-01
3.197066020220518112e-03 9.973119497299194336e-01
2.111396053805947304e-03 9.981901049613952637e-01
4.689206252805888653e-04 9.995993971824645996e-01
2.253965241834521294e-03 9.981480836868286133e-01
3.427734773140400648e-04 9.997219443321228027e-01
1.219669356942176819e-04 9.999121427536010742e-01
8.249975508078932762e-05 9.999439716339111328e-01
6.539643800351768732e-05 9.999561309814453125e-01
6.486478378064930439e-05 9.999568462371826172e-01
6.434856186388060451e-05 9.999573230743408203e-01
6.443422171287238598e-05 9.999573230743408203e-01
6.456436676671728492e-05 9.999572038650512695e-01
6.472798122558742762e-05 9.999570846557617188e-01
6.489231600426137447e-05 9.999569654464721680e-01
6.499970913864672184e-05 9.999569654464721680e-01
6.525091885123401880e-05 9.999568462371826172e-01
7.916423783171921968e-05 9.999483823776245117e-01
7.221975829452276230e-05 9.999524354934692383e-01
7.067707338137552142e-05 9.999532699584960938e-01
7.222940621431916952e-05 9.999521970748901367e-01
6.569352262886241078e-05 9.999560117721557617e-01
6.663952080998569727e-05 9.999552965164184570e-01
6.625755486311390996e-05 9.999555349349975586e-01
7.260459096869453788e-05 9.999514818191528320e-01
7.641714910278096795e-05 9.999493360519409180e-01
8.403697574976831675e-05 9.999454021453857422e-01
9.065790800377726555e-05 9.999418258666992188e-01
9.228022827301174402e-05 9.999405145645141602e-01
9.394071093993261456e-05 9.999392032623291016e-01
8.520329720340669155e-05 9.999436140060424805e-01
7.820226164767518640e-05 9.999471902847290039e-01
7.702261063968762755e-05 9.999479055404663086e-01
8.039407839532941580e-05 9.999462366104125977e-01
9.421566937817260623e-05 9.999392032623291016e-01
9.487679926678538322e-05 9.999387264251708984e-01
9.714013140182942152e-05 9.999371767044067383e-01
