1 0.92 0.80 0.62
2 0.90 0.51 0.60
3 0.91 0.58 0.69
4 0.93 0.39 0.00
5 0.93 0.59 0.50
6 0.93 0.55 0.00
7 0.92 0.66 0.00
8 0.90 0.58 0.00
9 0.93 0.45 0.30
10 0.91 0.72 0.00
11 0.92 0.58 0.57
12 0.93 0.32 0.45
13 0.91 0.25 0.00
14 0.92 0.00 0.00
15 0.92 0.00 0.00
16 0.91 0.00 0.00
17 0.93 0.00 0.00
18 0.93 0.00 0.00
19 0.89 0.00 0.00
20 0.93 0.00 0.00
21 0.92 0.00 0.00
22 0.92 0.00 0.00
23 0.93 0.00 0.00
24 0.93 0.00 0.00
25 0.92 0.00 0.00
26 0.91 0.00 0.00
27 0.92 0.00 0.00
28 0.92 0.00 0.00
29 0.93 0.00 0.00
30 0.92 0.00 0.00
31 0.91 0.00 0.00
32 0.93 0.00 0.00
33 0.92 0.00 0.00
34 0.92 0.00 0.00
35 0.91 0.00 0.00
36 0.91 0.00 0.00
37 0.92 0.00 0.00
38 0.91 0.00 0.00
39 0.92 0.00 0.00
40 0.91 0.00 0.00
41 0.93 0.00 0.00
42 0.93 0.00 0.00
43 0.92 0.00 0.00
44 0.92 0.00 0.00
45 0.93 0.00 0.00
46 0.91 0.00 0.00
47 0.93 0.00 0.00
48 0.92 0.00 0.00
49 0.93 0.00 0.00
50 0.92 0.00 0.00
51 0.90 0.00 0.00
52 0.92 0.00 0.00
53 0.92 0.00 0.00
54 0.92 0.00 0.00
55 0.93 0.55 0.58
56 0.92 0.52 0.49
57 0.91 0.00 0.00
58 0.89 0.37 0.46
59 0.89 0.00 0.26
60 0.93 0.26 0.37
61 0.93 0.64 0.65
62 0.91 0.00 0.51
63 0.93 0.50 0.49
64 0.90 0.60 0.39
65 0.90 0.56 0.41
66 0.88 0.62 0.30
67 0.88 0.51 0.44
68 0.93 0.79 0.52
69 0.90 0.63 0.47
70 0.93 0.68 0.41
71 0.89 0.71 0.37
72 0.93 0.77 0.52
73 0.91 0.63 0.44
74 0.92 0.78 0.61
75 0.91 0.71 0.35
76 0.91 0.67 0.00
77 0.90 0.68 0.00
78 0.91 0.71 0.00
79 0.81 0.36 0.26
80 0.92 0.00 0.00
81 0.90 0.00 0.00
82 0.89 0.00 0.00
83 0.93 0.00 0.29
84 0.90 0.00 0.45
85 0.94 0.00 0.47
86 0.77 0.46 0.56
87 0.78 0.52 0.68
88 0.83 0.54 0.58
89 0.92 0.57 0.00
90 0.93 0.56 0.42
91 0.89 0.54 0.32
92 0.88 0.57 0.00
93 0.92 0.42 0.00
94 0.91 0.00 0.00
95 0.93 0.30 0.00
96 0.92 0.00 0.00
97 0.93 0.00 0.00
98 0.92 0.00 0.00
99 0.90 0.00 0.00
100 0.90 0.00 0.00
101 0.92 0.00 0.00
102 0.93 0.00 0.00
103 0.92 0.00 0.00
104 0.91 0.00 0.00
105 0.93 0.00 0.00
106 0.88 0.00 0.00
107 0.91 0.33 0.00
108 0.89 0.34 0.00
109 0.92 0.49 0.33
110 0.91 0.66 0.26
111 0.90 0.65 0.00
112 0.90 0.71 0.00
113 0.91 0.72 0.00
114 0.93 0.81 0.00
115 0.92 0.82 0.73
116 0.92 0.79 0.90
117 0.93 0.90 0.80
118 0.92 0.85 0.80
119 0.94 0.76 0.39
120 0.93 0.81 0.50
121 0.93 0.77 0.68
122 0.93 0.83 0.54
123 0.91 0.80 0.64
124 0.92 0.87 0.62
125 0.92 0.88 0.69
126 0.90 0.83 0.54
127 0.91 0.72 0.62
128 0.87 0.84 0.54
129 0.93 0.84 0.76
130 0.92 0.73 0.71
131 0.91 0.88 0.76
132 0.91 0.82 0.70
133 0.91 0.73 0.70
134 0.91 0.80 0.63
135 0.92 0.90 0.68
136 0.91 0.87 0.67
137 0.88 0.73 0.79
138 0.91 0.80 0.59
139 0.89 0.81 0.00
140 0.90 0.81 0.00
141 0.87 0.86 0.70
142 0.88 0.67 0.56
143 0.88 0.75 0.58
144 0.92 0.63 0.71
145 0.91 0.78 0.53
146 0.87 0.66 0.64
147 0.88 0.81 0.61
148 0.88 0.84 0.42
149 0.90 0.84 0.59
150 0.90 0.81 0.57
151 0.89 0.80 0.54
152 0.91 0.71 0.51
153 0.92 0.40 0.42
154 0.92 0.51 0.59
155 0.92 0.70 0.39
156 0.91 0.00 0.49
157 0.87 0.00 0.30
158 0.93 0.63 0.39
159 0.92 0.30 0.47
160 0.87 0.40 0.43
161 0.93 0.33 0.51
162 0.90 0.45 0.40
163 0.91 0.45 0.67
164 0.93 0.40 0.80
165 0.91 0.43 0.69
166 0.92 0.43 0.63
167 0.93 0.47 0.74
168 0.92 0.45 0.63
169 0.93 0.48 0.58
170 0.90 0.00 0.47
171 0.91 0.70 0.73
172 0.92 0.39 0.58
173 0.89 0.71 0.55
174 0.92 0.43 0.66
175 0.92 0.40 0.41
176 0.90 0.68 0.64
177 0.92 0.71 0.58
178 0.91 0.00 0.00
179 0.90 0.40 0.51
180 0.93 0.00 0.00
181 0.92 0.00 0.00
182 0.91 0.00 0.00
183 0.92 0.00 0.28
184 0.92 0.00 0.00
185 0.92 0.00 0.26
186 0.92 0.42 0.28
187 0.91 0.00 0.00
188 0.92 0.00 0.00
189 0.91 0.00 0.00
190 0.89 0.00 0.00
191 0.90 0.32 0.00
192 0.91 0.00 0.00
193 0.90 0.00 0.00
194 0.91 0.00 0.00
195 0.88 0.00 0.00
196 0.92 0.00 0.00
197 0.92 0.00 0.00
198 0.90 0.00 0.00
199 0.90 0.00 0.00
200 0.92 0.00 0.00
201 0.89 0.00 0.00
202 0.90 0.00 0.00
203 0.90 0.36 0.00
204 0.91 0.00 0.00
205 0.92 0.38 0.38
206 0.92 0.63 0.59
207 0.91 0.58 0.53
208 0.92 0.53 0.32
209 0.91 0.68 0.53
210 0.92 0.56 0.61
211 0.93 0.67 0.68
212 0.92 0.73 0.46
213 0.93 0.72 0.38
214 0.92 0.84 0.79
215 0.93 0.81 0.77
216 0.92 0.70 0.48
217 0.92 0.70 0.72
218 0.91 0.63 0.73
219 0.89 0.68 0.25
220 0.90 0.77 0.80
221 0.93 0.67 0.79
222 0.87 0.86 0.84
223 0.83 0.87 0.82
224 0.84 0.48 0.73
225 0.92 0.52 0.81
226 0.93 0.66 0.71

