2.117920815944671631e-01 7.966151833534240723e-01
8.518815040588378906e-02 9.215940237045288086e-01
3.363722935318946838e-02 9.703109860420227051e-01
1.489870529621839523e-02 9.872051477432250977e-01
8.024073205888271332e-03 9.932298660278320312e-01
5.786919966340065002e-03 9.950773119926452637e-01
5.273346323519945145e-03 9.954569339752197266e-01
3.142080269753932953e-03 9.972213506698608398e-01
8.925976580940186977e-04 9.992182254791259766e-01
1.939145149663090706e-04 9.998501539230346680e-01
4.340984392911195755e-03 9.966306090354919434e-01
2.349209738895297050e-03 9.981029033660888672e-01
2.550337463617324829e-03 9.979493021965026855e-01
2.478160662576556206e-03 9.980027079582214355e-01
2.471978543326258659e-03 9.980067610740661621e-01
2.459241077303886414e-03 9.980157613754272461e-01
2.450321335345506668e-03 9.980220794677734375e-01
2.441595308482646942e-03 9.980277419090270996e-01
2.435087226331233978e-03 9.980319142341613770e-01
2.428630134090781212e-03 9.980357289314270020e-01
2.100476529449224472e-03 9.982123374938964844e-01
2.211882034316658974e-03 9.980899691581726074e-01
2.265434013679623604e-03 9.980348944664001465e-01
2.315547084435820580e-03 9.979817867279052734e-01
3.105490002781152725e-03 9.972963929176330566e-01
3.574149915948510170e-03 9.968781471252441406e-01
3.831294830888509750e-03 9.967119693756103516e-01
3.848699852824211121e-03 9.966963529586791992e-01
3.720577573403716087e-03 9.967371821403503418e-01
3.878258168697357178e-03 9.966146349906921387e-01
3.981352783739566803e-03 9.965392351150512695e-01
4.003512673079967499e-03 9.965167045593261719e-01
4.222733899950981140e-03 9.963759779930114746e-01
4.124005790799856186e-03 9.964261651039123535e-01
4.238156601786613464e-03 9.963287711143493652e-01
4.231937229633331299e-03 9.963164329528808594e-01
4.308792296797037125e-03 9.962555170059204102e-01
4.339640960097312927e-03 9.962309002876281738e-01
4.389170091599225998e-03 9.961941242218017578e-01
4.268518183380365372e-03 9.962583780288696289e-01
4.650357645004987717e-03 9.960169196128845215e-01
4.598368424922227859e-03 9.960517287254333496e-01
4.743927624076604843e-03 9.959333539009094238e-01
4.950193222612142563e-03 9.957739710807800293e-01
4.868286196142435074e-03 9.957991242408752441e-01
4.900382831692695618e-03 9.957540035247802734e-01
4.592156503349542618e-03 9.959379434585571289e-01
4.675006028264760971e-03 9.958833456039428711e-01
4.576046951115131378e-03 9.959731698036193848e-01
4.506167490035295486e-03 9.960387945175170898e-01
4.444261547178030014e-03 9.960961937904357910e-01
4.392795264720916748e-03 9.961434006690979004e-01
4.350770730525255203e-03 9.961820244789123535e-01
4.325488582253456116e-03 9.962087869644165039e-01
4.631080664694309235e-03 9.960384368896484375e-01
4.808326251804828644e-03 9.959255456924438477e-01
4.490988794714212418e-03 9.960287809371948242e-01
4.918646533042192459e-03 9.956569671630859375e-01
4.910822957754135132e-03 9.956310987472534180e-01
4.867156036198139191e-03 9.956374764442443848e-01
5.177381448447704315e-03 9.954316616058349609e-01
5.151745397597551346e-03 9.954528808593750000e-01
6.176325492560863495e-03 9.948813915252685547e-01
5.333107896149158478e-03 9.955969452857971191e-01
4.547931253910064697e-03 9.961439371109008789e-01
4.345289897173643112e-03 9.962261915206909180e-01
4.571557044982910156e-03 9.960113763809204102e-01
4.729832522571086884e-03 9.958564639091491699e-01
4.838821943849325180e-03 9.957421422004699707e-01
5.727019626647233963e-03 9.952032566070556641e-01
5.198604892939329147e-03 9.956698417663574219e-01
4.680234007537364960e-03 9.960485100746154785e-01
4.957599565386772156e-03 9.958992600440979004e-01
4.569073207676410675e-03 9.961909055709838867e-01
4.677989054471254349e-03 9.961392283439636230e-01
4.588182549923658371e-03 9.962260723114013672e-01
4.184633493423461914e-03 9.964869022369384766e-01
4.165633115917444229e-03 9.964718818664550781e-01
4.469402600079774857e-03 9.962658286094665527e-01
4.588637966662645340e-03 9.962137341499328613e-01
4.498383961617946625e-03 9.962978959083557129e-01
4.445472732186317444e-03 9.963466525077819824e-01
4.406084772199392319e-03 9.963822364807128906e-01
4.372369963675737381e-03 9.964111447334289551e-01
3.574863076210021973e-03 9.968953132629394531e-01
4.402135498821735382e-03 9.962915182113647461e-01
4.008794669061899185e-03 9.965466856956481934e-01
3.206832101568579674e-03 9.973529577255249023e-01
2.813137136399745941e-03 9.976873397827148438e-01
2.688618144020438194e-03 9.978017210960388184e-01
2.602613298222422600e-03 9.978795051574707031e-01
2.548268763348460197e-03 9.979289770126342773e-01
2.510996535420417786e-03 9.979628324508666992e-01
2.485065953806042671e-03 9.979864358901977539e-01
2.466614590957760811e-03 9.980031847953796387e-01
2.453289460390806198e-03 9.980154037475585938e-01
2.443520352244377136e-03 9.980242252349853516e-01
2.436411799862980843e-03 9.980307221412658691e-01
2.559180837124586105e-03 9.979497790336608887e-01
3.122768132016062737e-03 9.973650574684143066e-01
3.199738450348377228e-03 9.971570968627929688e-01
3.281978191807866096e-03 9.970372915267944336e-01
2.142169745638966560e-03 9.980218410491943359e-01
5.115294479764997959e-04 9.995509982109069824e-01
1.174114950117655098e-04 9.999098777770996094e-01
6.919642328284680843e-05 9.999510049819946289e-01
5.949913611402735114e-05 9.999589920043945312e-01
5.783838423667475581e-05 9.999604225158691406e-01
5.894837522646412253e-05 9.999597072601318359e-01
6.116445001680403948e-05 9.999582767486572266e-01
6.240524089662358165e-05 9.999574422836303711e-01
6.316405051620677114e-05 9.999568462371826172e-01
6.603835208807140589e-05 9.999549388885498047e-01
6.920407759025692940e-05 9.999527931213378906e-01
7.098189234966412187e-05 9.999516010284423828e-01
7.374111009994521737e-05 9.999498128890991211e-01
8.366955444216728210e-05 9.999440908432006836e-01
9.306833817390725017e-05 9.999396800994873047e-01
9.550485265208408237e-05 9.999382495880126953e-01
9.738462540553882718e-05 9.999369382858276367e-01
9.889183274935930967e-05 9.999358654022216797e-01
1.001324417302384973e-04 9.999350309371948242e-01
1.012360662571154535e-04 9.999343156814575195e-01
1.021230491460300982e-04 9.999337196350097656e-01
1.031597494147717953e-04 9.999330043792724609e-01
1.064887619577348232e-04 9.999308586120605469e-01
1.320818992098793387e-04 9.999145269393920898e-01
6.005026516504585743e-04 9.995830655097961426e-01
2.865848829969763756e-03 9.977721571922302246e-01
3.344685072079300880e-03 9.973318576812744141e-01
3.530995221808552742e-03 9.971844553947448730e-01
3.504512365907430649e-03 9.972082972526550293e-01
3.527970053255558014e-03 9.971869587898254395e-01
3.621848765760660172e-03 9.970997571945190430e-01
3.739512758329510689e-03 9.969879984855651855e-01
3.836743999272584915e-03 9.968936443328857422e-01
3.907177597284317017e-03 9.968248605728149414e-01
3.958257846534252167e-03 9.967754483222961426e-01
3.997503314167261124e-03 9.967383742332458496e-01
4.004785325378179550e-03 9.967238306999206543e-01
3.974028397351503372e-03 9.967327117919921875e-01
3.674982115626335144e-03 9.969052672386169434e-01
3.644166979938745499e-03 9.968863129615783691e-01
3.546297783032059669e-03 9.969033598899841309e-01
4.444516729563474655e-03 9.962787032127380371e-01
3.766709007322788239e-03 9.967293739318847656e-01
4.598617553710937500e-03 9.961673617362976074e-01
3.383075585588812828e-03 9.970479607582092285e-01
2.080687321722507477e-03 9.981669187545776367e-01
1.690968987531960011e-03 9.985151886940002441e-01
3.229577327147126198e-03 9.972206354141235352e-01
3.642162540927529335e-03 9.968392848968505859e-01
3.802423831075429916e-03 9.967334270477294922e-01
3.300937823951244354e-03 9.972394704818725586e-01
8.949447073973715305e-04 9.992673993110656738e-01
1.376736618112772703e-04 9.999023675918579102e-01
9.299372322857379913e-05 9.999395608901977539e-01
9.178359323414042592e-05 9.999420642852783203e-01
9.505528578301891685e-05 9.999403953552246094e-01
9.827654866967350245e-05 9.999386072158813477e-01
9.963544289348646998e-05 9.999378919601440430e-01
1.004390360321849585e-04 9.999372959136962891e-01
1.008644176181405783e-04 9.999370574951171875e-01
1.013218352454714477e-04 9.999368190765380859e-01
8.588902710471302271e-05 9.999452829360961914e-01
9.581746417097747326e-05 9.999395608901977539e-01
9.654561290517449379e-05 9.999390840530395508e-01
9.175602463074028492e-05 9.999417066574096680e-01
8.613845420768484473e-05 9.999446868896484375e-01
8.640805754112079740e-05 9.999440908432006836e-01
8.825173426885157824e-05 9.999424219131469727e-01
8.962650463217869401e-05 9.999407529830932617e-01
9.563399362377822399e-05 9.999361038208007812e-01
1.024451194098219275e-04 9.999309778213500977e-01
1.101020607165992260e-04 9.999252557754516602e-01
1.181569241452962160e-04 9.999192953109741211e-01
1.261975121451541781e-04 9.999133348464965820e-01
8.245778270065784454e-03 9.935425519943237305e-01
2.635416341945528984e-03 9.978911280632019043e-01
2.579972613602876663e-03 9.979625940322875977e-01
2.284056739881634712e-03 9.982016086578369141e-01
2.193930093199014664e-03 9.982771873474121094e-01
2.135285176336765289e-03 9.983248114585876465e-01
2.114004688337445259e-03 9.983410835266113281e-01
2.116899704560637474e-03 9.983362555503845215e-01
2.141832141205668449e-03 9.983121156692504883e-01
2.081589540466666222e-03 9.983428716659545898e-01
1.447451533749699593e-03 9.988251328468322754e-01
1.270515960641205311e-03 9.989784955978393555e-01
2.579185180366039276e-03 9.979534149169921875e-01
2.735886082518845797e-04 9.997815489768981934e-01
6.883864989504218102e-05 9.999506473541259766e-01
5.547120599658228457e-05 9.999614953994750977e-01
5.339378549251705408e-05 9.999631643295288086e-01
5.474551653605885804e-05 9.999622106552124023e-01
5.633040927932597697e-05 9.999610185623168945e-01
6.247943383641541004e-05 9.999569654464721680e-01
5.739323387388139963e-05 9.999600648880004883e-01
5.915222209296189249e-05 9.999587535858154297e-01
5.995015089865773916e-05 9.999581575393676758e-01
6.081473111407831311e-05 9.999575614929199219e-01
6.166118691908195615e-05 9.999568462371826172e-01
6.254339677980169654e-05 9.999562501907348633e-01
6.350498733809217811e-05 9.999555349349975586e-01
6.460366421379148960e-05 9.999547004699707031e-01
6.588895485037937760e-05 9.999537467956542969e-01
6.966226646909490228e-05 9.999512434005737305e-01
9.443119051866233349e-05 9.999368190765380859e-01
1.048081903718411922e-04 9.999301433563232422e-01
1.060827489709481597e-04 9.999284744262695312e-01
7.271565846167504787e-05 9.999483823776245117e-01
7.207019370980560780e-05 9.999492168426513672e-01
6.903185567352920771e-05 9.999516010284423828e-01
6.742416007909923792e-05 9.999527931213378906e-01
7.964475662447512150e-05 9.999452829360961914e-01
7.980904774740338326e-05 9.999455213546752930e-01
1.102598616853356361e-04 9.999285936355590820e-01
1.023826189339160919e-04 9.999332427978515625e-01
1.024259618134237826e-04 9.999331235885620117e-01
9.288170258514583111e-05 9.999384880065917969e-01
8.400958176935091615e-05 9.999433755874633789e-01
7.564319093944504857e-05 9.999485015869140625e-01
7.572813774459064007e-05 9.999487400054931641e-01
9.651164145907387137e-05 9.999377727508544922e-01
9.500780288362875581e-05 9.999384880065917969e-01
